Samples per Second	1
UTC Date	UTC Time	Sample	CH0S001 (1536,409 ; x)	CH0S002 (1544,961 ; x)	CH0S003 (1556,226 ; x)	CH0S004 (1562,157 ; x)	CH1S001 (1553,011 ; x)	CH1S002 (1554,304 ; x)
16-11-2023	11:15:16	00001	0,1220	0,0082	0,1429	-0,0302	-998,0000	-998,0000
16-11-2023	11:15:17	00002	0,1237	0,0042	0,1431	-0,0266	-998,0000	-998,0000
16-11-2023	11:15:18	00003	0,1247	0,0031	0,1430	-0,0262	-998,0000	-998,0000
16-11-2023	11:15:19	00004	0,1256	0,0008	0,1433	-0,0232	-998,0000	-998,0000
16-11-2023	11:15:20	00005	-0,1378	0,0179	-0,0440	-0,0719	-998,0000	-998,0000
16-11-2023	11:15:21	00006	-1,2946	-0,1114	-1,1653	-0,7285	-998,0000	-998,0000
16-11-2023	11:15:22	00007	-1,0868	-0,2387	-998,0000	-1,0451	-998,0000	-998,0000
16-11-2023	11:15:23	00008	-0,5512	-0,3789	0,9630	-0,5390	-998,0000	-998,0000
16-11-2023	11:15:24	00009	-0,3673	-0,4344	1,1978	-0,4682	-998,0000	-998,0000
16-11-2023	11:15:25	00010	-998,0000	-0,3646	-1,2639	-1,3410	-998,0000	-998,0000
16-11-2023	11:15:26	00011	0,8130	0,1386	0,3798	0,2643	-998,0000	-998,0000
16-11-2023	11:15:27	00012	1,0035	0,3817	0,1570	-998,0000	-998,0000	-998,0000
16-11-2023	11:15:28	00013	-998,0000	0,4003	-0,0233	0,9244	-998,0000	-998,0000
16-11-2023	11:15:29	00014	-998,0000	0,5097	-0,0325	1,2902	-998,0000	-998,0000
16-11-2023	11:15:30	00015	-998,0000	0,5624	-0,0162	1,2803	-998,0000	-998,0000
16-11-2023	11:15:31	00016	-998,0000	0,5268	-0,1613	1,3271	-998,0000	-998,0000
16-11-2023	11:15:32	00017	-0,2836	0,3320	-0,8390	0,7543	-998,0000	-998,0000
16-11-2023	11:15:33	00018	-1,0631	-0,1367	-1,1644	-1,0210	-998,0000	-998,0000
16-11-2023	11:15:34	00019	-0,1883	-0,2199	-0,6252	-998,0000	-998,0000	-998,0000
16-11-2023	11:15:35	00020	-0,1715	-0,2337	-0,5715	-998,0000	-998,0000	-998,0000
16-11-2023	11:15:36	00021	-0,2241	-0,2499	-0,4626	-998,0000	-998,0000	-998,0000
16-11-2023	11:15:37	00022	-1,0504	-0,2456	-0,4588	-998,0000	-998,0000	-998,0000
16-11-2023	11:15:38	00023	-1,2716	-0,2470	-0,2498	-1,2756	-998,0000	-998,0000
16-11-2023	11:15:39	00024	-1,3362	-0,2441	-0,2258	-998,0000	-998,0000	-998,0000
16-11-2023	11:15:40	00025	-0,1699	-0,2678	-0,3119	-998,0000	-998,0000	-998,0000
16-11-2023	11:15:41	00026	-1,3708	-0,2585	-0,1996	-1,2384	-998,0000	-998,0000
16-11-2023	11:15:42	00027	-1,2136	-0,3255	0,0287	-1,1455	-998,0000	-998,0000
16-11-2023	11:15:43	00028	-0,0297	0,0411	0,2522	1,0761	-998,0000	-998,0000
16-11-2023	11:15:44	00029	-998,0000	0,1585	-0,0607	-998,0000	-998,0000	-998,0000
16-11-2023	11:15:45	00030	0,9853	0,6108	-0,1680	0,9434	-998,0000	-998,0000
16-11-2023	11:15:46	00031	0,7311	0,6257	-0,1423	0,9463	-998,0000	-998,0000
16-11-2023	11:15:47	00032	0,7781	0,6447	-0,1029	0,9236	-998,0000	-998,0000
16-11-2023	11:15:48	00033	0,7997	0,6418	0,0527	0,9784	-998,0000	-998,0000
16-11-2023	11:15:49	00034	0,8360	0,5991	0,1048	1,0150	-998,0000	-998,0000
16-11-2023	11:15:50	00035	0,8134	0,5919	0,1385	0,9220	-998,0000	-998,0000
16-11-2023	11:15:51	00036	0,7621	0,6031	0,1536	0,9180	-998,0000	-998,0000
16-11-2023	11:15:52	00037	0,7170	0,5308	0,1907	0,6791	-998,0000	-998,0000
16-11-2023	11:15:53	00038	0,5288	0,3319	0,2103	0,8191	-998,0000	-998,0000
16-11-2023	11:15:54	00039	-0,9287	-0,3102	0,0373	-0,7769	-998,0000	-998,0000
16-11-2023	11:15:55	00040	-1,3153	-0,4528	-0,2193	-1,0405	-998,0000	-998,0000
16-11-2023	11:15:56	00041	-0,9704	-0,4420	-0,3145	-1,0285	-998,0000	-998,0000
16-11-2023	11:15:57	00042	0,2607	-0,3533	-0,4168	-1,0064	-998,0000	-998,0000
16-11-2023	11:15:58	00043	-0,8754	-0,4120	-0,3443	-0,8942	-998,0000	-998,0000
16-11-2023	11:15:59	00044	-998,0000	-0,3809	-0,1940	-0,7008	-998,0000	-998,0000
16-11-2023	11:16:00	00045	-1,3166	-0,3838	-0,1912	-0,7441	-998,0000	-998,0000
16-11-2023	11:16:01	00046	-998,0000	-0,3838	-0,1179	-0,6407	-998,0000	-0,1318
16-11-2023	11:16:02	00047	-998,0000	-0,3999	-0,1401	-0,8479	-998,0000	-998,0000
16-11-2023	11:16:03	00048	-998,0000	-0,4564	-0,0992	-0,8299	-998,0000	-998,0000
16-11-2023	11:16:04	00049	-998,0000	-0,5055	-0,0810	-0,8132	-998,0000	-0,0398
16-11-2023	11:16:05	00050	-998,0000	-0,4899	-0,1724	-1,0914	-998,0000	-998,0000
16-11-2023	11:16:06	00051	-0,2584	-0,0102	0,2530	-0,8837	-998,0000	-998,0000
16-11-2023	11:16:07	00052	0,0621	0,5022	0,2258	0,8050	-998,0000	-998,0000
16-11-2023	11:16:08	00053	-0,2978	1,3778	0,1171	1,1043	-998,0000	-998,0000
16-11-2023	11:16:09	00054	-0,0762	-998,0000	0,1474	0,9376	-998,0000	-998,0000
16-11-2023	11:16:10	00055	0,2437	1,1745	0,2703	1,4309	-998,0000	-998,0000
16-11-2023	11:16:11	00056	0,6129	0,5374	0,3925	1,0383	-998,0000	-998,0000
16-11-2023	11:16:12	00057	0,2539	0,2848	0,2354	0,5137	-998,0000	-998,0000
16-11-2023	11:16:13	00058	-0,2130	-0,2915	0,0964	0,1744	-998,0000	-998,0000
16-11-2023	11:16:14	00059	-1,0562	-0,0798	-1,0437	-0,2008	-998,0000	-998,0000
16-11-2023	11:16:15	00060	-0,3157	-0,3827	-0,7941	-0,4481	-998,0000	-998,0000
16-11-2023	11:16:16	00061	-0,0144	-0,5356	-0,7759	-0,5938	-998,0000	-998,0000
16-11-2023	11:16:17	00062	0,3512	-0,6671	-0,2518	-1,0611	-998,0000	-998,0000
16-11-2023	11:16:18	00063	0,3742	-0,3967	0,2566	-0,5138	-998,0000	-998,0000
16-11-2023	11:16:19	00064	-0,1376	-0,2351	0,5099	-1,0540	-998,0000	-998,0000
16-11-2023	11:16:20	00065	-998,0000	-0,1434	-0,3654	-998,0000	-998,0000	-998,0000
16-11-2023	11:16:21	00066	-1,3311	-0,1169	-0,8668	-0,9020	-998,0000	-998,0000
16-11-2023	11:16:22	00067	-0,0035	-0,1460	-0,9833	-0,9503	-998,0000	-998,0000
16-11-2023	11:16:23	00068	-0,7943	-0,2008	-1,1360	-0,9751	-0,0718	-998,0000
16-11-2023	11:16:24	00069	0,2693	-0,1593	0,5644	-0,9120	-998,0000	-998,0000
16-11-2023	11:16:25	00070	0,0879	0,0046	0,2070	-0,2346	-998,0000	-998,0000
16-11-2023	11:16:26	00071	0,0943	0,0423	0,1241	-0,0995	-998,0000	-998,0000
