Samples per Second	1
UTC Date	UTC Time	Sample	CH0S001 (1536,229 ; x)	CH0S002 (1544,722 ; x)	CH0S003 (1556,117 ; x)	CH0S004 (1561,810 ; x)	CH1S001 (1536,447 ; x)	CH1S002 (1544,995 ; x)	CH1S003 (1556,405 ; x)	CH1S004 (1562,132 ; x)
09-11-2023	12:55:27	00001	-0,0538	0,1273	-0,1830		0,0684	-0,0192	0,1137	0,0265
09-11-2023	12:55:28	00002	-0,0540	0,1278	-0,1836		0,0682	-0,0180	0,1143	0,0258
09-11-2023	12:55:29	00003	-0,0546	0,1271	-0,1840		0,0689	-0,0198	0,1119	0,0257
09-11-2023	12:55:30	00004	-0,0551	0,1268	-0,1849		0,0672	-0,0215	0,1121	0,0241
09-11-2023	12:55:31	00005	-0,0551	0,1271	-0,1847		0,0681	-0,0229	0,1129	0,0243
09-11-2023	12:55:32	00006	-0,0556	0,1267	-0,1853		0,0674	-0,0216	0,1119	0,0245
09-11-2023	12:55:33	00007	-0,0561	0,1275	-0,1857	0,0949	0,0675	-0,0218	0,1127	0,0236
09-11-2023	12:55:34	00008	-0,0557	0,1271	-0,1865	0,0944	0,0677	-0,0224	0,1114	0,0238
09-11-2023	12:55:35	00009	-0,0562	0,1265	-0,1862	0,0941	0,0671	-0,0226	0,1115	0,0228
09-11-2023	12:55:36	00010	-0,0574	0,1268	-0,1882	0,0945	0,0668	-0,0247	0,1115	0,0224
09-11-2023	12:55:37	00011	-0,0572	0,1261	-0,1869	0,0949	0,0676	-0,0240	0,1114	0,0221
09-11-2023	12:55:38	00012	-0,0573	0,1267	-0,1882	0,0932	0,0661	-0,0249	0,1122	0,0212
09-11-2023	12:55:39	00013	-0,0576	0,1274	-0,1878	0,0953	0,0674	-0,0241	0,1109	0,0224
09-11-2023	12:55:40	00014	-0,0577	0,1262	-0,1886	0,0933	0,0668	-0,0248	0,1109	0,0211
09-11-2023	12:55:41	00015	-0,0576	0,1266	-0,1899	0,0938	0,0666	-0,0257	0,1114	0,0213
09-11-2023	12:55:42	00016	-0,0587	0,1274	-0,1899	0,0948	0,0659	-0,0261	0,1101	0,0198
09-11-2023	12:55:43	00017	-0,0590	0,1265	-0,1903	0,0934	0,0667	-0,0269	0,1103	0,0196
09-11-2023	12:55:44	00018	-0,0589	0,1262	-0,1907	0,0937	0,0653	-0,0280	0,1113	0,0201
09-11-2023	12:55:45	00019	-0,0585	0,1267	-0,1909	0,0957	0,0664	-0,0273	0,1110	0,0196
09-11-2023	12:55:46	00020	-0,0597	0,1261	-0,1912	0,0929	0,0648	-0,0273	0,1106	0,0197
09-11-2023	12:55:47	00021	-0,0599	0,1265	-0,1912	0,0939	0,0656	-0,0283	0,1114	0,0185
09-11-2023	12:55:48	00022	-0,0605	0,1255	-0,1919	0,0942	0,0651	-0,0286	0,1098	0,0182
09-11-2023	12:55:49	00023	-0,0534	0,1252	-0,2022		0,0671	-0,0241	0,1099	0,0165
09-11-2023	12:55:50	00024	-0,0498	0,1263	-0,1987		0,0669	-0,0201	0,1126	0,0232
09-11-2023	12:55:51	00025	-0,0501	0,1260	-0,1992		0,0677	-0,0204	0,1110	0,0240
09-11-2023	12:55:52	00026	-0,0507	0,1264	-0,1990		0,0664	-0,0212	0,1101	0,0226
09-11-2023	12:55:53	00027	-0,0511	0,1262	-0,1991		0,0673	-0,0213	0,1103	0,0228
09-11-2023	12:55:54	00028	-0,0507	0,1277	-0,1988		0,0662	-0,0206	0,1106	0,0230
09-11-2023	12:55:55	00029	-0,0511	0,1272	-0,2001		0,0657	-0,0228	0,1108	0,0219
09-11-2023	12:55:56	00030	-0,0506	0,1265	-0,1997		0,0671	-0,0223	0,1105	0,0228
09-11-2023	12:55:57	00031	-0,0505	0,1274	-0,1999		0,0669	-0,0219	0,1105	0,0219
09-11-2023	12:55:58	00032	-0,0514	0,1269	-0,2006		0,0655	-0,0205	0,1101	0,0226
09-11-2023	12:55:59	00033	-0,0513	0,1262	-0,2001		0,0660	-0,0229	0,1101	0,0216
09-11-2023	12:56:00	00034	-0,0512	0,1276	-0,2011		0,0656	-0,0214	0,1109	0,0220
09-11-2023	12:56:01	00035	-0,0512	0,1271	-0,2005		0,0663	-0,0228	0,1088	0,0224
09-11-2023	12:56:02	00036	-0,0519	0,1267	-0,1994		0,0657	-0,0229	0,1100	0,0208
09-11-2023	12:56:03	00037	-0,0513	0,1261	-0,2017		0,0662	-0,0239	0,1084	0,0209
09-11-2023	12:56:04	00038	-0,0514	0,1265	-0,2008		0,0656	-0,0231	0,1096	0,0211
09-11-2023	12:56:05	00039	-0,0532	0,1259	-0,2020		0,0653	-0,0227	0,1089	0,0213
09-11-2023	12:56:06	00040	-0,0525	0,1260	-0,2018	0,0943	0,0652	-0,0242	0,1086	0,0211
09-11-2023	12:56:07	00041	-0,0524	0,1256	-0,2023	0,0949	0,0647	-0,0256	0,1091	0,0195
09-11-2023	12:56:08	00042	-0,0525	0,1265	-0,2025		0,0659	-0,0256	0,1089	0,0209
09-11-2023	12:56:09	00043	-0,0531	0,1270	-0,2023	0,0950	0,0659	-0,0242	0,1089	0,0193
09-11-2023	12:56:10	00044	-0,0529	0,1262	-0,2021		0,0650	-0,0252	0,1074	0,0199
09-11-2023	12:56:11	00045	-0,0529	0,1267	-0,2029		0,0667	-0,0256	0,1085	0,0197
09-11-2023	12:56:12	00046	-0,0531	0,1264	-0,2028		0,0651	-0,0246	0,1086	0,0195
09-11-2023	12:56:13	00047	-0,0533	0,1263	-0,2031		0,0644	-0,0266	0,1081	0,0199
09-11-2023	12:56:14	00048	-0,0531	0,1269	-0,2034		0,0647	-0,0250	0,1080	0,0192
09-11-2023	12:56:15	00049	-0,0535	0,1249	-0,2039		0,0651	-0,0260	0,1067	0,0191
09-11-2023	12:56:16	00050	-0,0541	0,1261	-0,2051		0,0653	-0,0269	0,1073	0,0184
09-11-2023	12:56:17	00051	-0,0531	0,1267	-0,2020	0,0944	0,0657	-0,0259	0,1084	0,0191
09-11-2023	12:56:18	00052	-0,0538	0,1263	-0,2047		0,0646	-0,0269	0,1077	0,0181
09-11-2023	12:56:19	00053	-0,0535	0,1179	-0,1964		0,0897	0,0424	0,1033	0,0191
09-11-2023	12:56:20	00054	0,2732	0,4588	0,3140	0,6665	0,2307	0,5153	0,2849	0,2787
09-11-2023	12:56:21	00055	0,2170	0,3688	-0,2859	0,2801	0,1127	0,2471	-0,0180	-0,0982
09-11-2023	12:56:22	00056	-0,5028	0,2375	-0,1297	0,1089	0,1866	0,2859	0,2928	0,1756
09-11-2023	12:56:23	00057	-0,2882	-0,0516	-0,1003	-0,1270	-0,0751	-0,1050	-0,0269	-0,1343
09-11-2023	12:56:24	00058	-0,2876	-0,0351	-0,0981	-0,1112	-0,0676	-0,1270	-0,0152	-0,1577
09-11-2023	12:56:25	00059	-0,2853	-0,0251	-0,0959	-0,1036	-0,0619	-0,1351	-0,0107	-0,1617
09-11-2023	12:56:26	00060	-0,2844	-0,0200	-0,0944	-0,0976	-0,0595	-0,1388	-0,0062	-0,1645
09-11-2023	12:56:27	00061	-0,2849	-0,0161	-0,0944	-0,0956	-0,0584	-0,1413	-0,0059	-0,1658
09-11-2023	12:56:28	00062	-0,2866	-0,0147	-0,0945	-0,0955	-0,0570	-0,1445	-0,0041	-0,1680
09-11-2023	12:56:29	00063	-0,2860	-0,0115	-0,0924	-0,0936	-0,0567	-0,1466	-0,0028	-0,1689
09-11-2023	12:56:30	00064	-0,2865	-0,0104	-0,0931	-0,0929	-0,0549	-0,1482	-0,0009	-0,1699
09-11-2023	12:56:31	00065	-0,2877	-0,0112	-0,0926	-0,0920	-0,0549	-0,1485	-0,0017	-0,1701
09-11-2023	12:56:32	00066	-0,2892	-0,0093	-0,0923	-0,0927	-0,0536	-0,1503	-0,0012	-0,1697
09-11-2023	12:56:33	00067	-0,2879	-0,0082	-0,0926	-0,0914	-0,0534	-0,1510	0,0000	-0,1714
09-11-2023	12:56:34	00068	-0,2888	-0,0054	-0,0911	-0,0917	-0,0528	-0,1503	0,0001	-0,1695
09-11-2023	12:56:35	00069	-0,2889	-0,0077	-0,0927	-0,0911	-0,0523	-0,1533	0,0005	-0,1715
09-11-2023	12:56:36	00070	-0,2899	-0,0059	-0,0928	-0,0926	-0,0531	-0,1518	0,0005	-0,1717
09-11-2023	12:56:37	00071	-0,2920	-0,0069	-0,0924	-0,0920	-0,0517	-0,1539	0,0014	-0,1736
09-11-2023	12:56:38	00072	-0,2905	-0,0055	-0,0920	-0,0921	-0,0523	-0,1535	0,0006	-0,1733
09-11-2023	12:56:39	00073	-0,2924	-0,0063	-0,0923	-0,0916	-0,0529	-0,1545	0,0008	-0,1721
09-11-2023	12:56:40	00074	-0,2918	-0,0059	-0,0916	-0,0922	-0,0517	-0,1554	0,0010	-0,1734
09-11-2023	12:56:41	00075	-0,2931	-0,0060	-0,0926	-0,0915	-0,0519	-0,1553	0,0009	-0,1735
09-11-2023	12:56:42	00076	-0,2917	-0,0055	-0,0922	-0,0919	-0,0530	-0,1562	0,0017	-0,1745
09-11-2023	12:56:43	00077	-0,2941	-0,0046	-0,0923	-0,0922	-0,0523	-0,1569	0,0014	-0,1738
09-11-2023	12:56:44	00078	-0,2924	-0,0049	-0,0930	-0,0918	-0,0521	-0,1564	0,0007	-0,1741
09-11-2023	12:56:45	00079	-0,2944	-0,0049	-0,0921	-0,0925	-0,0530	-0,1579	0,0012	-0,1749
09-11-2023	12:56:46	00080	-0,2930	-0,0044	-0,0929	-0,0927	-0,0522	-0,1573	0,0017	-0,1748
09-11-2023	12:56:47	00081	-0,2948	-0,0036	-0,0924	-0,0925	-0,0524	-0,1584	0,0011	-0,1763
09-11-2023	12:56:48	00082	-0,2949	-0,0039	-0,0929	-0,0935	-0,0514	-0,1574	0,0018	-0,1753
09-11-2023	12:56:49	00083	-0,2954	-0,0052	-0,0925	-0,0927	-0,0521	-0,1591	0,0010	-0,1764
09-11-2023	12:56:50	00084	-0,2957	-0,0041	-0,0930	-0,0932	-0,0521	-0,1578	0,0000	-0,1755
09-11-2023	12:56:51	00085	-0,2963	-0,0050	-0,0929	-0,0935	-0,0523	-0,1592	0,0009	-0,1774
09-11-2023	12:56:52	00086	-0,2967	-0,0043	-0,0932	-0,0938	-0,0534	-0,1608	0,0006	-0,1757
09-11-2023	12:56:53	00087	-0,2965	-0,0044	-0,0935	-0,0935	-0,0529	-0,1603	0,0012	-0,1773
09-11-2023	12:56:54	00088	-0,2973	-0,0049	-0,0933	-0,0938	-0,0523	-0,1612	-0,0001	-0,1763
09-11-2023	12:56:55	00089	-0,2977	-0,0046	-0,0929	-0,0935	-0,0531	-0,1607	0,0006	-0,1781
09-11-2023	12:56:56	00090	-0,2983	-0,0043	-0,0938	-0,0946	-0,0518	-0,1614	0,0012	-0,1768
09-11-2023	12:56:57	00091	-0,2969	-0,0040	-0,0929	-0,0945	-0,0524	-0,1605	0,0015	-0,1788
09-11-2023	12:56:58	00092	-0,2981	-0,0040	-0,0930	-0,0946	-0,0518	-0,1613	0,0010	-0,1778
09-11-2023	12:56:59	00093	-0,2993	-0,0041	-0,0934	-0,0943	-0,0525	-0,1616	0,0006	-0,1789
09-11-2023	12:57:00	00094	-0,2982	-0,0044	-0,0945	-0,0946	-0,0529	-0,1622	0,0007	-0,1780
09-11-2023	12:57:01	00095	-0,3000	-0,0038	-0,0936	-0,0953	-0,0525	-0,1616	0,0001	-0,1789
09-11-2023	12:57:02	00096	-0,2999	-0,0050	-0,0941	-0,0952	-0,0535	-0,1633	0,0003	-0,1806
09-11-2023	12:57:03	00097	-0,2999	-0,0041	-0,0941	-0,0954	-0,0538	-0,1624	-0,0001	-0,1800
09-11-2023	12:57:04	00098	-0,3000	-0,0038	-0,0937	-0,0956	-0,0536	-0,1634	0,0011	-0,1807
09-11-2023	12:57:05	00099	-0,3006	-0,0034	-0,0937	-0,0953	-0,0535	-0,1624	0,0006	-0,1795
09-11-2023	12:57:06	00100	-0,3003	-0,0043	-0,0943	-0,0955	-0,0533	-0,1640	0,0008	-0,1800
09-11-2023	12:57:07	00101	-0,3020	-0,0033	-0,0937	-0,0953	-0,0531	-0,1626	0,0014	-0,1794
09-11-2023	12:57:08	00102	-0,3014	-0,0040	-0,0947	-0,0965	-0,0536	-0,1627	0,0008	-0,1809
09-11-2023	12:57:09	00103	-0,3026	-0,0040	-0,0941	-0,0960	-0,0533	-0,1630	-0,0008	-0,1809
09-11-2023	12:57:10	00104	-0,3004	-0,0048	-0,0943	-0,0957	-0,0530	-0,1635	0,0006	-0,1807
09-11-2023	12:57:11	00105	-0,3034	-0,0038	-0,0937	-0,0959	-0,0534	-0,1646	0,0001	-0,1808
09-11-2023	12:57:12	00106	-0,3013	-0,0045	-0,0942	-0,0962	-0,0536	-0,1645	0,0006	-0,1814
09-11-2023	12:57:13	00107	-0,3017	-0,0041	-0,0949	-0,0961	-0,0540	-0,1653	0,0001	-0,1809
09-11-2023	12:57:14	00108	-0,3023	-0,0034	-0,0939	-0,0959	-0,0544	-0,1642	0,0003	-0,1808
09-11-2023	12:57:15	00109	-0,3036	-0,0040	-0,0944	-0,0970	-0,0545	-0,1654	0,0005	-0,1816
09-11-2023	12:57:16	00110	-0,3028	-0,0034	-0,0949	-0,0964	-0,0545	-0,1654	0,0005	-0,1831
09-11-2023	12:57:17	00111	-0,3026	-0,0045	-0,0949	-0,0969	-0,0545	-0,1653	0,0001	-0,1819
09-11-2023	12:57:18	00112	-0,3032	-0,0042	-0,0949	-0,0974	-0,0551	-0,1652	0,0004	-0,1818
09-11-2023	12:57:19	00113	-0,3035	-0,0038	-0,0952	-0,0970	-0,0536	-0,1654	0,0003	-0,1827
09-11-2023	12:57:20	00114	-0,3038	-0,0045	-0,0951	-0,0967	-0,0552	-0,1659	0,0003	-0,1827
09-11-2023	12:57:21	00115	-0,3043	-0,0044	-0,0955	-0,0978	-0,0550	-0,1664	0,0000	-0,1844
09-11-2023	12:57:22	00116	-0,3036	-0,0040	-0,0958	-0,0979	-0,0538	-0,1658	0,0001	-0,1831
09-11-2023	12:57:23	00117	-0,3050	-0,0042	-0,0947	-0,0982	-0,0540	-0,1671	-0,0009	-0,1826
09-11-2023	12:57:24	00118	-0,3049	-0,0047	-0,0955	-0,0982	-0,0550	-0,1664	-0,0005	-0,1845
09-11-2023	12:57:25	00119	-0,3045	-0,0044	-0,0962	-0,0978	-0,0546	-0,1664	-0,0004	-0,1836
09-11-2023	12:57:26	00120	-0,3051	-0,0053	-0,0960	-0,0988	-0,0557	-0,1683	-0,0007	-0,1827
09-11-2023	12:57:27	00121	-0,3059	-0,0034	-0,0966	-0,0983	-0,0559	-0,1664	-0,0004	-0,1839
09-11-2023	12:57:28	00122	-0,3059	-0,0032	-0,0959	-0,0980	-0,0547	-0,1676	-0,0004	-0,1839
09-11-2023	12:57:29	00123	-0,3059	-0,0047	-0,0961	-0,0983	-0,0548	-0,1676	-0,0005	-0,1844
09-11-2023	12:57:30	00124	-0,3060	-0,0036	-0,0964	-0,0981	-0,0540	-0,1664	-0,0007	-0,1839
09-11-2023	12:57:31	00125	-0,3059	-0,0037	-0,0960	-0,0978	-0,0549	-0,1676	-0,0002	-0,1837
09-11-2023	12:57:32	00126	-0,3056	-0,0044	-0,0956	-0,0985	-0,0552	-0,1684	-0,0007	-0,1857
09-11-2023	12:57:33	00127	-0,3051	-0,0036	-0,0959	-0,0973	-0,0556	-0,1674	0,0000	-0,1838
09-11-2023	12:57:34	00128	-0,3070	-0,0038	-0,0953	-0,0977	-0,0552	-0,1683	-0,0006	-0,1851
09-11-2023	12:57:35	00129	-0,3070	-0,0036	-0,0956	-0,0985	-0,0554	-0,1679	-0,0004	-0,1853
09-11-2023	12:57:36	00130	-0,3062	-0,0039	-0,0956	-0,0980	-0,0551	-0,1692	-0,0008	-0,1850
09-11-2023	12:57:37	00131	-0,3067	-0,0032	-0,0952	-0,0984	-0,0555	-0,1683	-0,0015	-0,1858
09-11-2023	12:57:38	00132	-0,3068	-0,0041	-0,0958	-0,0982	-0,0552	-0,1677	-0,0002	-0,1856
09-11-2023	12:57:39	00133	-0,3052	-0,0038	-0,0961	-0,0977	-0,0540	-0,1684	0,0003	-0,1834
09-11-2023	12:57:40	00134	0,0870	0,0285	0,1103	-0,1525	0,0229	0,4511	-0,0242	0,1472
09-11-2023	12:57:41	00135	0,4413	0,3026	0,4350	0,3454	0,3495	0,5716	0,2493	0,4706
09-11-2023	12:57:42	00136	-0,5522	0,1727	-0,4357	0,0873	-0,1738	0,4913	0,0076	-0,1105
09-11-2023	12:57:43	00137	-0,3806	0,1526	-0,3736	0,0695	-0,2460	0,2586	-0,1245	-0,1989
09-11-2023	12:57:44	00138	-0,3477	-0,0034	-0,5158	-0,2353	-0,1042	0,3373	-0,1815	-0,0413
09-11-2023	12:57:45	00139	0,4151	0,2022	0,2501	0,2568	0,0978	-0,1818	0,0914	-0,0758
09-11-2023	12:57:46	00140	1,0877	0,7012	0,1901	0,6302	0,8612	0,6724	0,4085	0,6037
09-11-2023	12:57:47	00141	0,5320	0,5075	0,6957	1,4290	0,4823	0,6195	0,6286	1,7134
09-11-2023	12:57:48	00142	1,2791	0,3517	0,9277	0,4059	0,5826	0,6194	0,2646	0,8647
09-11-2023	12:57:49	00143	1,0288	0,2498	0,7941	0,3355	0,3912	0,4084	0,1831	0,6800
09-11-2023	12:57:50	00144	1,0654	0,2450	0,7627	0,3280	0,4025	0,4328	0,1882	0,6980
09-11-2023	12:57:51	00145	1,1015	0,2387	0,7862	0,3377	0,4064	0,4311	0,1770	0,7347
09-11-2023	12:57:52	00146	1,1118	0,2425	0,8098	0,3425	0,4192	0,4500	0,1995	0,7800
09-11-2023	12:57:53	00147	1,1267	0,2243	0,8388	0,3350	0,4298	0,4525	0,1921	0,8021
09-11-2023	12:57:54	00148	1,1373	0,2125	0,8549	0,3184	0,4200	0,4750	0,1769	0,8101
09-11-2023	12:57:55	00149	1,1744	0,2223	0,8612	0,3321	0,4610	0,5158	0,1961	0,7335
09-11-2023	12:57:56	00150	1,1766	0,2097	0,8981	0,3249	0,4420	0,5138	0,1904	0,8860
09-11-2023	12:57:57	00151	1,1472	0,2141	0,8798	0,3233	0,4572	0,4911	0,1861	0,8359
09-11-2023	12:57:58	00152	1,1111	0,2220	0,8576	0,3261	0,4412	0,4385	0,1978	0,8024
09-11-2023	12:57:59	00153	1,0834	0,2191	0,8340	0,3169	0,4258	0,4027	0,1897	0,7439
09-11-2023	12:58:00	00154	1,0517	0,2263	0,7933	0,3257	0,3951	0,3670	0,1973	0,7171
09-11-2023	12:58:01	00155	1,0998	0,2166	0,8638	0,3245	0,4276	0,4057	0,1968	0,8125
09-11-2023	12:58:02	00156	1,0808	0,2184	0,8405	0,3280	0,4442	0,3934	0,2079	0,7698
09-11-2023	12:58:03	00157	1,0751	0,2173	0,8602	0,3177	0,4296	0,4089	0,1904	0,7927
09-11-2023	12:58:04	00158	1,0445	0,2387	0,8176	0,3201	0,4392	0,3877	0,2159	0,7143
09-11-2023	12:58:05	00159	1,0785	0,2256	0,8371	0,3300	0,4753	0,4213	0,2195	0,8095
09-11-2023	12:58:06	00160	1,0267	0,2347	0,8231	0,3307	0,4165	0,3682	0,2274	0,7913
09-11-2023	12:58:07	00161	1,0202	0,2501	0,7710	0,3328	0,4872	0,3585	0,2319	0,6926
09-11-2023	12:58:08	00162	1,0526	0,2213	0,8351	0,3301	0,4818	0,3847	0,2185	0,7823
09-11-2023	12:58:09	00163	0,9893	0,2824	0,7936	0,3537	0,5169	0,3397	0,2571	0,7410
09-11-2023	12:58:10	00164	0,9989	0,2576	0,8146	0,3504	0,4797	0,3360	0,2481	0,7324
09-11-2023	12:58:11	00165	0,9739	0,2965	0,8029	0,3609	0,5221	0,3134	0,2730	0,7286
09-11-2023	12:58:12	00166	0,9963	0,2915	0,8369	0,3578	0,4999	0,3425	0,2644	0,7538
09-11-2023	12:58:13	00167	0,9708	0,3107	0,8240	0,3615	0,5333	0,3065	0,2791	0,7061
09-11-2023	12:58:14	00168	0,9812	0,3012	0,8299	0,3716	0,5314	0,3246	0,2821	0,7021
09-11-2023	12:58:15	00169	0,9531	0,3120	0,8312	0,3641	0,4835	0,2918	0,2813	0,7641
09-11-2023	12:58:16	00170	1,0170	0,2621	0,8393	0,3666	0,5345	0,4020	0,2739	0,7872
09-11-2023	12:58:17	00171	0,9674	0,2470	0,8262	0,3251	0,4278	0,3417	0,2243	0,7609
09-11-2023	12:58:18	00172	0,9413	0,2555	0,8186	0,3177	0,4469	0,2878	0,2143	0,6827
09-11-2023	12:58:19	00173	0,9633	0,2543	0,8059	0,3190	0,4555	0,2987	0,2094	0,6206
09-11-2023	12:58:20	00174	0,6059	0,4324	0,5041		0,5291	0,2359	0,2654	0,5989
09-11-2023	12:58:21	00175	0,2748	0,3419	0,6762	0,5406	0,3386	0,9057	0,0325	0,6402
09-11-2023	12:58:22	00176	0,0972	0,3134	-0,3191	0,3957	0,3533	0,8490	0,1225	0,5629
09-11-2023	12:58:23	00177	0,1375	0,3533	-0,4271	0,4352	0,3904	0,9962	0,1299	0,5856
09-11-2023	12:58:24	00178	0,2026	0,3635	-0,3902	0,4995	0,3839	1,0000	0,1357	0,6129
09-11-2023	12:58:25	00179	0,3701	0,3737	-0,2307	0,5067	0,3820	0,9514	0,1373	0,5901
09-11-2023	12:58:26	00180	0,3081	0,3407	-0,0994	0,4973	0,3461	0,8830	0,1352	0,5571
09-11-2023	12:58:27	00181	0,3968	0,3485	-0,1348	0,4832	0,3741	0,9134	0,1249	0,5491
09-11-2023	12:58:28	00182	0,4025	0,3360	-0,0170	0,4811	0,3621	0,8677	0,1228	0,5269
09-11-2023	12:58:29	00183	0,5203	0,4448	-0,4042	0,6618	0,4362	1,1247	0,1737	0,6948
09-11-2023	12:58:30	00184	0,4864	0,3805	-0,1322	0,5706	0,3944	0,9784	0,1453	0,5975
09-11-2023	12:58:31	00185	0,5219	0,3994	-0,0988	0,5512	0,3986	0,9610	0,1477	0,5743
09-11-2023	12:58:32	00186	0,4767	0,3751	-0,0242	0,5336	0,3689	0,9302	0,1319	0,5504
09-11-2023	12:58:33	00187	0,5014	0,3633	0,0415	0,5339	0,3649	0,9141	0,1268	0,5426
09-11-2023	12:58:34	00188	0,4824	0,3599	-0,0128	0,5290	0,3592	0,9095	0,1316	0,5440
09-11-2023	12:58:35	00189	0,5679	0,3554	0,0492	0,5295	0,3633	0,8945	0,1265	0,5358
09-11-2023	12:58:36	00190	0,5572	0,3683	0,1335	0,5485	0,3519	0,8933	0,1259	0,5390
09-11-2023	12:58:37	00191	0,5536	0,3722	0,1118	0,5622	0,3629	0,8909	0,1367	0,5526
09-11-2023	12:58:38	00192	0,6276	0,3774	0,1117	0,5510	0,3593	0,8914	0,1297	0,5441
09-11-2023	12:58:39	00193	0,4990	0,3642	0,0543	0,5182	0,3602	0,9032	0,1303	0,5263
09-11-2023	12:58:40	00194	0,5228	0,3815	0,0301	0,5542	0,3753	0,9357	0,1382	0,5551
09-11-2023	12:58:41	00195	0,4818	0,3707	0,0964	0,5430	0,3817	0,8975	0,1358	0,5356
09-11-2023	12:58:42	00196	0,4747	0,3667	0,0285	0,5305	0,3855	0,8949	0,1355	0,5304
09-11-2023	12:58:43	00197	0,5825	0,3633	0,1561	0,5525	0,3501	0,8774	0,1288	0,5348
09-11-2023	12:58:44	00198	0,5836	0,3853	0,0303	0,5386	0,3740	0,9004	0,1407	0,5393
09-11-2023	12:58:45	00199	0,6129	0,3706	0,1990	0,5669	0,3719	0,8766	0,1293	0,5398
09-11-2023	12:58:46	00200	0,5595	0,3628	0,0895	0,5437	0,3697	0,8730	0,1324	0,5333
09-11-2023	12:58:47	00201	0,5382	0,3580	0,0938	0,5349	0,3437	0,8351	0,1326	0,5141
09-11-2023	12:58:48	00202	0,4377	0,3226	0,0206	0,4638	0,3195	0,8164	0,1226	0,4671
09-11-2023	12:58:49	00203	0,5099	0,3477	0,0763	0,4908	0,3453	0,8256	0,1166	0,4863
09-11-2023	12:58:50	00204	0,4913	0,3251	0,0719	0,5056	0,3329	0,8443	0,1118	0,5018
09-11-2023	12:58:51	00205	0,5754	0,3557	0,1414	0,5290	0,3495	0,8643	0,1203	0,5104
09-11-2023	12:58:52	00206	0,5513	0,3677	-0,0028	0,5647	0,3579	0,8565	0,1366	0,5402
09-11-2023	12:58:53	00207	0,4647	0,3190	0,0874	0,5090	0,3198	0,8276	0,1156	0,4939
09-11-2023	12:58:54	00208	0,4288	0,3379	0,0584	0,4887	0,3464	0,8244	0,1184	0,4809
09-11-2023	12:58:55	00209	0,2655	0,2835	-0,1546	0,4033	0,3019	0,7945	0,1107	0,4543
09-11-2023	12:58:56	00210	0,3305	0,2706	-0,0787	0,3897	0,3024	0,7392	0,1116	0,4150
09-11-2023	12:58:57	00211	0,3706	0,3414	0,0969	0,3906	0,3718	0,6591	0,1594	0,5026
09-11-2023	12:58:58	00212	0,4255	0,3911	0,3033	0,4821	0,4144	0,4037	0,3560	0,5376
09-11-2023	12:58:59	00213	0,4056	0,4032	0,1750	0,4213	0,4230	0,4309	0,3314	0,4668
09-11-2023	12:59:00	00214	0,6100	0,4170	0,1405	0,4564	0,4799	0,5831	0,3434	0,5337
09-11-2023	12:59:01	00215	0,7542	0,4867	0,5424	0,6027	0,5115	0,7006	0,4413	0,7202
09-11-2023	12:59:02	00216	0,7059	0,4823	0,4643	0,5439	0,4924	0,6688	0,4020	0,6540
09-11-2023	12:59:03	00217	1,1518	0,4245	1,1730	0,6368	0,5143	1,0760	0,3614	0,7253
09-11-2023	12:59:04	00218	1,0862	0,4117	1,2654		0,5349	1,0595	0,2934	0,7334
09-11-2023	12:59:05	00219	1,0548	0,4081	1,1875		0,5059	1,0085	0,3134	0,7358
09-11-2023	12:59:06	00220	1,0461	0,4095	1,2211	0,6139	0,5013	1,0139	0,3003	0,7377
09-11-2023	12:59:07	00221	1,0681	0,3658	1,2373		0,4838	1,0241	0,2758	0,7165
09-11-2023	12:59:08	00222	1,0543	0,3873	1,1770		0,5030	1,0063	0,3046	0,7034
09-11-2023	12:59:09	00223	1,0560	0,3380	1,3029		0,4779	1,0433	0,2427	0,7088
09-11-2023	12:59:10	00224	1,0281	0,3122	1,3138	0,5424	0,4576	0,9992	0,2286	0,6772
09-11-2023	12:59:11	00225	1,0666	0,3121	1,3486	0,4163	0,4567	1,0444	0,1993	0,6961
09-11-2023	12:59:12	00226	0,9379	0,2073	1,1632	0,4458	0,2905	0,6759	0,1944	0,7005
09-11-2023	12:59:13	00227	0,9060	0,1355	1,3107	0,3290	0,2609	0,7474	0,1115	0,4540
09-11-2023	12:59:14	00228	0,9217	0,1003	1,3512	0,3512	0,2497	0,7756	0,1429	0,4852
09-11-2023	12:59:15	00229	0,8603	0,1435	1,3320	0,3166	0,2702	0,7206	0,1149	0,4736
09-11-2023	12:59:16	00230	0,8763	0,1321	1,1939	0,3655	0,2533	0,7062	0,1758	0,5546
09-11-2023	12:59:17	00231	0,1395	-0,1336	0,1421	-0,0203	-0,0050	0,0298	-0,0427	0,0351
09-11-2023	12:59:18	00232	-0,0593	-0,4625	-0,0735	-0,3642	-0,3986	-0,1894	0,0133	-0,3390
09-11-2023	12:59:19	00233	-0,1514	-0,2582	-0,1148	-0,2194	-0,3589	-0,2270	-0,1796	-0,3909
09-11-2023	12:59:20	00234	-0,1543	-0,3089	-0,1208	-0,2505	-0,3491	-0,2276	-0,1933	-0,3795
09-11-2023	12:59:21	00235	0,3023	0,0236	0,1038	0,1425	0,0308	0,2910	-0,1536	0,0211
09-11-2023	12:59:22	00236	0,3898	0,7279	0,2686	0,4177	0,6708	0,0739	0,6811	0,4469
09-11-2023	12:59:23	00237					0,5659	0,1108	0,9167	0,1947
09-11-2023	12:59:24	00238					0,4493	0,1158	0,7213	0,2192
09-11-2023	12:59:25	00239					0,2089	0,2733	0,2935	0,3141
09-11-2023	12:59:26	00240	-0,0721	-8,1003	-19,0072	-17,1365	0,1944	0,3849	0,0591	0,3601
09-11-2023	12:59:27	00241	0,5073	0,0085	0,4994	0,2376	0,1220	0,6015	-0,0140	0,5005
09-11-2023	12:59:28	00242	0,4496	-0,0199	0,4553		0,1257	0,5306	-0,0905	0,2793
09-11-2023	12:59:29	00243	0,4437	-0,0381	0,4455	0,1129	0,0780	0,5291	-0,1055	0,3969
09-11-2023	12:59:30	00244	0,4644	-0,0411	0,4624	0,0958	0,0855	0,5773	-0,1082	0,2613
09-11-2023	12:59:31	00245	0,6128	0,0509	0,5671	0,2492	0,2420	0,6918	0,0749	0,4582
09-11-2023	12:59:32	00246	0,6381	-0,0314	0,6088	0,1887	0,3274	0,7447	0,1525	0,5111
09-11-2023	12:59:33	00247	0,6251	-0,0328	0,5868	0,1799	0,3203	0,7199	0,1509	0,6336
09-11-2023	12:59:34	00248	0,7031	0,0191	0,6473	0,2766	0,3508	0,8124	0,1874	0,7205
09-11-2023	12:59:35	00249	0,6876	0,0319	0,6512	0,2407	0,3509	0,8002	0,1582	0,6892
09-11-2023	12:59:36	00250	0,6482	0,0274	0,6055	0,2872	0,3576	0,7518	0,1830	0,6660
09-11-2023	12:59:37	00251	0,6778	0,1116	0,5988	0,3689	0,3470	0,7758	0,1426	0,6668
09-11-2023	12:59:38	00252	0,6616	0,1203	0,5928		0,3764	0,7548	0,1894	0,6837
09-11-2023	12:59:39	00253	0,6572	0,0846	0,5948	0,3581	0,3795	0,7557	0,1924	0,6831
09-11-2023	12:59:40	00254	0,6821	0,1022	0,5987	0,3752	0,3858	0,7742	0,1717	0,6878
09-11-2023	12:59:41	00255	0,6524	0,0558	0,5926	0,3023	0,3493	0,7545	0,2002	0,6843
09-11-2023	12:59:42	00256	0,6488	0,0520	0,5824	0,3056	0,3410	0,7441	0,1632	0,6646
09-11-2023	12:59:43	00257	0,6746	0,1016	0,5818	0,3599	0,3586	0,7567	0,1725	0,6774
09-11-2023	12:59:44	00258	0,6547	0,0910	0,5671	0,3535	0,3973	0,7386	0,2155	0,7093
09-11-2023	12:59:45	00259	0,6651	0,1119	0,5682	0,3863	0,4069	0,7510	0,2063	0,7119
09-11-2023	12:59:46	00260	0,6648	0,1363	0,5443	0,4210	0,4154	0,7450	0,2134	0,7172
09-11-2023	12:59:47	00261	0,6665	0,1305	0,5401	0,4173	0,4236	0,7309	0,2188	0,7011
09-11-2023	12:59:48	00262	0,6659	0,1672	0,5133	0,4505	0,4461	0,7267	0,2506	0,7333
09-11-2023	12:59:49	00263	0,6676	0,1637	0,5200	0,4461	0,4255	0,7323	0,2373	0,7160
09-11-2023	12:59:50	00264	0,6442	0,1379	0,4924	0,4343	0,4433	0,6952	0,2521	0,7134
09-11-2023	12:59:51	00265	0,6671	0,1222	0,4720		0,4515	0,6881	0,2822	0,7152
09-11-2023	12:59:52	00266	0,6167	0,2255	0,4792	0,4763	0,4151	0,6864	0,2349	0,7191
09-11-2023	12:59:53	00267	0,6484	0,1780	0,4903	0,4411	0,4114	0,7103	0,2250	0,6962
09-11-2023	12:59:54	00268	0,6669	0,0176	0,5956	0,2874	0,4009	0,7741	0,1889	0,6862
09-11-2023	12:59:55	00269	0,6790	0,0442	0,6097	0,3109	0,4750	0,7826	0,3071	0,7345
09-11-2023	12:59:56	00270	0,7189	0,0947	0,6037	0,4032	0,4860	0,7991	0,2670	0,7561
09-11-2023	12:59:57	00271	0,7657	-0,1177	0,6405	0,1833	0,4744	0,8453	0,1952	0,7021
09-11-2023	12:59:58	00272	0,8244	0,7281	0,7188	0,7105	0,9116	0,9090	0,6844	0,8281
09-11-2023	12:59:59	00273	0,7596	0,8902	0,5684	0,8749	1,1560	12,5417	6,7022
