Samples per Second	1
UTC Date	UTC Time	Sample	Temperature Sensor (1556.992 ; x)	Sensor 1 (1536.027 ; x)	Sensor 2 (1537.155 ; x)	Sensor 3 (1544.684 ; x)	Sensor 4 (1545.751 ; x)	Sensor 5 (1556.194 ; x)	Sensor 6 (1557.406 ; x)	Sensor 7 (1561.264 ; x)	Sensor 8 (1562.358 ; x)
21-08-2023	10:55:32	00001	-0.0079	0.0340	0.2230	0.0875	0.2192	-0.0298	-0.6202	-0.1561	0.0484
21-08-2023	10:55:33	00002	-0.0077	0.0339	0.2216	0.0878	0.2201	-0.0299	-0.6207	-0.1550	0.0479
21-08-2023	10:55:34	00003	-0.0147	0.0351	0.2230	0.0878	0.2188	-0.0252	-0.6205	-0.1554	0.0477
21-08-2023	10:55:35	00004	-0.0112	0.0346	0.2221	0.0893	0.2176	-0.0321	-0.6211	-0.1504	0.0493
21-08-2023	10:55:36	00005	-0.0108	0.0347	0.2218	0.0914	0.2188	-0.0365	-0.6198	-0.1515	0.0495
21-08-2023	10:55:37	00006	-0.0104	0.0346	0.2215	0.0915	0.2187	-0.0371	-0.6207	-0.1509	0.0502
21-08-2023	10:55:38	00007	-0.0111	0.0576	0.1202	0.1076	0.1119	-0.0994	-0.4919	-0.0402	0.0918
21-08-2023	10:55:39	00008	-0.0103	0.0336	0.1050	0.3400	0.0070	-0.0675	0.0887	0.1984	0.0557
21-08-2023	10:55:40	00009	-0.0101	0.0303	0.0734	0.2959	0.1041	-0.0623	0.1588	0.2521	0.0523
21-08-2023	10:55:41	00010	-0.0108	0.0293	-0.0538	0.1149	-0.1046	-0.0661	0.0269	0.0861	0.0710
21-08-2023	10:55:42	00011	-0.0090	0.0415	0.0403	0.1472	0.0498	-0.0658	-0.0783	0.0021	0.1194
21-08-2023	10:55:43	00012	-0.0097	0.0369	0.1350	0.1019	0.1300	-0.0549	-0.3099	-0.0764	0.1328
21-08-2023	10:55:44	00013	-0.0106	0.0236	0.1279	0.1205	0.0481	-0.0605	-0.4109	-0.1339	0.1523
21-08-2023	10:55:45	00014	-0.0101	0.0339	0.2209	0.1083	0.1826	-0.0475	-0.5293	-0.1357	0.0525
21-08-2023	10:55:46	00015	-0.0100	0.0350	0.2643	0.1032	0.2263	-0.0710	-0.6539	-0.1293	0.0675
21-08-2023	10:55:47	00016	-0.0101	0.0154	0.2919	0.0666	0.3153	-0.1004	-0.7473	-0.1994	0.0571
21-08-2023	10:55:48	00017	-0.0098	0.0564	0.4140	0.0901	0.5046	-0.2234	-0.8072	-0.2090	0.1498
21-08-2023	10:55:49	00018	-0.0100	0.0233	0.3969	0.0620	0.6126	-0.3350	-0.7941	-0.3487	-1.2600
21-08-2023	10:55:50	00019	-0.0109	0.0516	0.3777	0.0653	0.6668	-0.0720	-0.7787	-0.3671	-1.2841
21-08-2023	10:55:51	00020	-0.0105	-0.0206	0.3660	0.0050	0.6047	-0.3593	-0.8597	-0.1966	-0.2405
21-08-2023	10:55:52	00021	-0.0096	0.0150	0.4461	0.1549	0.6703	-0.2130	-0.8978	-0.3350	-1.2438
21-08-2023	10:55:53	00022	-0.0107	0.0358	0.4159	0.0990	0.6405	-0.0731	-0.9064	-0.3304	-1.2384
21-08-2023	10:55:54	00023	-0.0106	0.0349	0.4157	0.1054	0.6350	-0.1179	-0.8956	-0.3576	-1.2689
21-08-2023	10:55:55	00024	-0.0098	0.0284	0.4316	0.1264	0.6332	-0.1614	-0.8986	-0.3025	-1.2088
21-08-2023	10:55:56	00025	-0.0099	-0.0094	0.4707	0.1363	0.6755	-0.1887	-0.8712	-0.3387	-1.2475
21-08-2023	10:55:57	00026	-0.0098	-0.4639	0.4830	0.1577	0.6874	-0.2322	-0.8504	-0.2572	-1.1726
21-08-2023	10:55:58	00027	-0.0088	0.0348	0.4621	0.1564	0.7111	-0.0440	-0.8750	-0.3433	-1.2497
21-08-2023	10:55:59	00028	-0.0099	0.0713	0.4606	0.2276	0.7231	-0.0462	-0.8552	-0.3330	-1.2294
21-08-2023	10:56:00	00029	-0.0093	0.0435	0.4639	0.2176	0.7609	-0.0937	-0.8679	-0.2675	-1.1655
21-08-2023	10:56:01	00030	-0.0095	0.0463	0.4744	0.2204	0.7788	-0.1191	-0.8582	-0.2985	-1.1948
21-08-2023	10:56:02	00031	-0.0088	0.0158	0.4762	0.2426	0.7912	-0.1988	-0.8505	-0.1751	-1.0140
21-08-2023	10:56:03	00032	-0.0095	0.0252	0.4164	0.2472	0.7121	-0.1302	-0.8572	-0.1936	-1.0443
21-08-2023	10:56:04	00033	-0.0094	0.0152	0.4204	0.2719	0.7343	-0.1036	-0.8780	-0.2324	-1.0832
21-08-2023	10:56:05	00034	-0.0085	0.0105	0.4343	0.2876	0.7348	-0.0796	-0.8724	-0.2421	-1.0956
21-08-2023	10:56:06	00035	-0.0086	0.0159	0.4226	0.2722	0.7227	-0.0255	-0.8712	-0.2387	-1.1379
21-08-2023	10:56:07	00036	-0.0086	0.0251	0.4303	0.2709	0.7245	-0.0486	-0.8670	-0.2435	-1.0948
21-08-2023	10:56:08	00037	-0.0088	0.0128	0.4384	0.2858	0.7406	0.0000	-0.8667	-0.2510	-1.1007
21-08-2023	10:56:09	00038	-0.0087	0.0273	0.4469	0.2785	0.7389	-0.0428	-0.8624	-0.2370	-1.0936
21-08-2023	10:56:10	00039	-0.0087	0.0259	0.4522	0.2852	0.7438	-0.0571	-0.8576	-0.2386	-1.0964
21-08-2023	10:56:11	00040	-0.0085	0.0272	0.4568	0.2874	0.7497	-0.0563	-0.8566	-0.2378	-1.0920
21-08-2023	10:56:12	00041	-0.0088	0.0209	0.4507	0.2889	0.7431	-0.0525	-0.8537	-0.2423	-1.0983
21-08-2023	10:56:13	00042	-0.0097	0.0235	0.4596	0.2867	0.7504	-0.0334	-0.8533	-0.2432	-1.0978
21-08-2023	10:56:14	00043	-0.0086	0.0265	0.4613	0.2900	0.7494	-0.0392	-0.8507	-0.2440	-1.1046
21-08-2023	10:56:15	00044	-0.0093	0.0233	0.4650	0.2937	0.7531	-0.0735	-0.8492	-0.2459	-1.1115
21-08-2023	10:56:16	00045	-0.0086	0.0272	0.4649	0.3010	0.7517	-0.0918	-0.8459	-0.2491	-1.1163
21-08-2023	10:56:17	00046	-0.0082	0.0232	0.4589	0.3002	0.7494	-0.0675	-0.8443	-0.2500	-1.1160
21-08-2023	10:56:18	00047	-0.0076	0.0281	0.4590	0.2956	0.7460	-0.0660	-0.8424	-0.2492	-1.1128
21-08-2023	10:56:19	00048	-0.0086	0.0287	0.4599	0.2951	0.7479	-0.0741	-0.8435	-0.2485	-1.1174
21-08-2023	10:56:20	00049	-0.0079	0.0294	0.4553	0.2878	0.7444	-0.0542	-0.8425	-0.2541	-1.1246
21-08-2023	10:56:21	00050	-0.0079	0.0337	0.4563	0.2886	0.7430	-0.0623	-0.8422	-0.2535	-1.1225
21-08-2023	10:56:22	00051	-0.0086	0.0389	0.4584	0.2834	0.7457	-0.0662	-0.8425	-0.2515	-1.1196
21-08-2023	10:56:23	00052	-0.0093	0.0490	0.4447	0.2768	0.7346	-0.0692	-0.8413	-0.2533	-1.1288
21-08-2023	10:56:24	00053	-0.0077	0.0384	0.4874	0.2716	0.7363	-0.0939	-0.8274	-0.2564	-1.0953
21-08-2023	10:56:25	00054	-0.0090	0.0266	0.5138	0.2865	0.7656	-0.1671	-0.7985	-0.2549	-1.1450
21-08-2023	10:56:26	00055	-0.0075	0.0280	0.5040	0.2818	0.7650	-0.1589	-0.8006	-0.2541	-1.1445
21-08-2023	10:56:27	00056	-0.0078	0.0178	0.4971	0.2831	0.7595	-0.2035	-0.8027	-0.2480	-1.1393
21-08-2023	10:56:28	00057	-0.0076	0.0177	0.4932	0.2787	0.7602	-0.2008	-0.8039	-0.2465	-1.1380
21-08-2023	10:56:29	00058	-0.0076	0.0170	0.4932	0.2736	0.7605	-0.1863	-0.8035	-0.2412	-1.1340
21-08-2023	10:56:30	00059	-0.0078	0.0126	0.4947	0.2736	0.7571	-0.1915	-0.8041	-0.2415	-1.1348
21-08-2023	10:56:31	00060	-0.0079	0.0061	0.4954	0.2827	0.7555	-0.2330	-0.8018	-0.2455	-1.1365
