Samples per Second	1
UTC Date	UTC Time	Sample	Temperature Sensor (1556.992 ; x)	Sensor 1 (1536.027 ; x)	Sensor 2 (1537.155 ; x)	Sensor 3 (1544.684 ; x)	Sensor 4 (1545.751 ; x)	Sensor 5 (1556.194 ; x)	Sensor 6 (1557.406 ; x)	Sensor 7 (1561.264 ; x)	Sensor 8 (1562.358 ; x)
21-08-2023	10:57:32	00001	-0.0051	-0.2815	0.6131	0.5380	0.8001	-0.3666	-1.4339	-4.3865	-0.9290
21-08-2023	10:57:33	00002	-0.0061	-0.2903	0.6180	0.5407	0.8110	-0.3745	-1.4378	-4.3813	-0.9245
21-08-2023	10:57:34	00003	-0.0049	-0.3163	0.6179	0.5650	0.8093	-0.3742	-1.4373	-4.3728	-0.8892
21-08-2023	10:57:35	00004	-0.0051	-0.3205	0.5679	0.5545	0.7709	-0.3670	-1.4325	-4.3990	-1.2267
21-08-2023	10:57:36	00005	-0.0051	-0.3047	0.5826	0.5685	0.7890	-0.3727	-1.4363	-4.3988	-0.9085
21-08-2023	10:57:37	00006	-0.0055	-0.2702	0.5708	0.5326	0.7564	-0.3429	-1.4232	-4.3987	-0.9002
21-08-2023	10:57:38	00007	-0.0054	-0.2690	0.5727	0.5380	0.7734	-0.3672	-1.4383	-4.4007	-0.9085
21-08-2023	10:57:39	00008	-0.0061	-0.2836	0.5695	0.5267	0.7634	-0.3667	-1.4349	-4.4025	-0.9179
21-08-2023	10:57:40	00009	-0.0050	-0.2782	0.5700	0.5250	0.7584	-0.3597	-1.4308	-4.4054	-0.9264
21-08-2023	10:57:41	00010	-0.0050	-0.2959	0.5786	0.5191	0.7815	-0.3597	-1.4311	-4.4033	-0.9319
21-08-2023	10:57:42	00011	-0.0055	-0.2763	0.5931	0.5215	0.8020	-0.3705	-1.4397	-4.3928	-0.9226
21-08-2023	10:57:43	00012	-0.0050	-0.2668	0.5939	0.5261	0.8005	-0.3640	-1.4358	-4.3938	-0.9190
21-08-2023	10:57:44	00013	-0.0057	-0.2590	0.5816	0.5341	0.7818	-0.3729	-1.4434	-4.3949	-0.9134
21-08-2023	10:57:45	00014	-0.0055	-0.2795	0.6016	0.5043	0.8100	-0.3547	-1.4299	-4.3921	-0.9347
21-08-2023	10:57:46	00015	-0.0049	-0.2550	0.6154	0.5021	0.8111	-0.3569	-1.4311	-4.3813	-0.9293
21-08-2023	10:57:47	00016	-0.0058	-0.2757	0.6179	0.5097	0.8237	-0.3559	-1.4274	-4.3789	-0.9311
21-08-2023	10:57:48	00017	-0.0045	-0.2696	0.6072	0.5347	0.8033	-0.3672	-1.4352	-4.3784	-0.9102
21-08-2023	10:57:49	00018	-0.0041	-0.2591	0.6137	0.5381	0.8147	-0.3679	-1.4359	-4.3749	-0.8947
21-08-2023	10:57:50	00019	-0.0056	-0.2768	0.5969	0.5320	0.7987	-0.3552	-1.4266	-4.3802	-0.9143
21-08-2023	10:57:51	00020	-0.0050	-0.2812	0.5932	0.5339	0.7914	-0.3593	-1.4306	-4.3806	-0.9141
21-08-2023	10:57:52	00021	-0.0038	-0.2538	0.6175	0.5503	0.8298	-0.3524	-1.4279	-4.3756	-0.8999
21-08-2023	10:57:53	00022	-0.0058	-0.2465	0.6103	0.5348	0.8182	-0.3556	-1.4352	-4.3761	-0.9104
21-08-2023	10:57:54	00023	-0.0054	-0.0103	0.4251	0.2067	0.6553	0.1045	-0.7350	-0.2452	-1.1376
21-08-2023	10:57:55	00024	-0.0061	0.2023	0.4019	0.2496	0.6464	0.2105	-0.7046	-0.0927
21-08-2023	10:57:56	00025	-0.0046	0.1728	0.4063	0.2090	0.6484	-0.1145	-0.7943	-0.0684
21-08-2023	10:57:57	00026	-0.0056	0.0497	0.4163	0.1558	0.6609	-1.3910	-0.8032	-0.1609
21-08-2023	10:57:58	00027	-0.0052	0.0383	0.4187	0.2092	0.6549	-2.2455	-3.3395	-4.6170	-1.4432
21-08-2023	10:57:59	00028	-0.0045	-0.4461	0.4562	0.2260	0.6876	-3.6420	-0.7263	-0.1646
21-08-2023	10:58:00	00029	-0.0047	-0.7822	0.4422	0.2928	0.6724	-4.6651	-0.7176	-0.2840
21-08-2023	10:58:01	00030	-0.0060	-0.2961	0.4328	0.1565	0.6637	-3.8289	-0.7532	-0.3140
21-08-2023	10:58:02	00031	-0.0056	0.1999	0.4062	0.2067	0.6384	-2.5414	-3.6026	-4.6494	-1.1111
21-08-2023	10:58:03	00032	-0.0047	-0.1699	0.3972	0.0703	0.6385	-1.8107	-2.8596	-4.6699	-1.0304
21-08-2023	10:58:04	00033	-0.0050	0.3362	0.4055	0.1998	0.6461	-0.3472	-1.4363	-4.6458	-0.8913
21-08-2023	10:58:05	00034	-0.0052	0.2756	0.3689	-0.0316	0.6065	0.2413	3.7184
21-08-2023	10:58:06	00035	-0.0048	0.0946	0.3710	-0.1144	0.6079	0.0677	-0.9077	-0.0898
21-08-2023	10:58:07	00036	-0.0046	0.2032	0.3673	0.0734	0.5970	-0.3276	-0.9139	-0.2308
21-08-2023	10:58:08	00037	-0.0047	0.1754	0.3859	0.0878	0.6032	-0.3006	-0.8972	-0.3288
21-08-2023	10:58:09	00038	-0.0044	0.1834	0.3686	0.1784	0.6155	-0.1332	-0.7637	-0.5018	-1.2863
21-08-2023	10:58:10	00039	-0.0046	0.1798	0.3665	0.1591	0.6183	-0.1383	-0.7576	-0.1423
21-08-2023	10:58:11	00040	-0.0048	0.1773	0.3668	0.1591	0.6199	-0.1278	-0.7541	-0.1390
21-08-2023	10:58:12	00041	-0.0056	0.1744	0.3677	0.1584	0.6197	-0.1200	-0.7521	-0.1375
21-08-2023	10:58:13	00042	-0.0049	0.1713	0.3685	0.1582	0.6170	-0.1135	-0.7514	-0.1359
21-08-2023	10:58:14	00043	-0.0043	0.1710	0.3659	0.1420	0.6025	-0.2146	-0.7769	-0.1985
21-08-2023	10:58:15	00044	-0.0053	-0.0693	0.4030	0.0682	0.6361	-0.4260	-0.7251	-0.1363
21-08-2023	10:58:16	00045	-0.0053	-0.0019	0.4512	0.2461	0.6744	-0.1340	-0.7396	-0.1115
21-08-2023	10:58:17	00046	-0.0050	-0.1320	0.4636	0.3018	0.6944	-0.2292	-0.6903	0.0130
21-08-2023	10:58:18	00047	-0.0044	-0.1361	0.4583	0.3155	0.6843	-0.3421	-1.4381	-4.5551	-1.0874
21-08-2023	10:58:19	00048	-0.0049	-0.1230	0.4577	0.3078	0.6853	-0.2083	-0.7005	0.0035
21-08-2023	10:58:20	00049	-0.0039	-0.1301	0.4552	0.3130	0.6774	-0.2019	-0.7005	-0.0007
21-08-2023	10:58:21	00050	-0.0042	-0.1310	0.4555	0.3137	0.6792	-0.2023	-0.7022	-0.0026
21-08-2023	10:58:22	00051	-0.0044	-0.1249	0.4552	0.3157	0.6780	-0.3268	-1.4224	-4.5586	-1.0997
21-08-2023	10:58:23	00052	-0.0042	-0.1222	0.4574	0.3139	0.6753	-0.2094	-0.7014	-0.0060
21-08-2023	10:58:24	00053	-0.0045	-0.1206	0.4571	0.3173	0.6814	-0.3309	-1.4245	-4.5587	-1.1011
21-08-2023	10:58:25	00054	-0.0047	-0.1238	0.4545	0.3213	0.6821	-0.3366	-1.4311	-4.5567	-1.1053
21-08-2023	10:58:26	00055	-0.0049	-0.1263	0.4553	0.3239	0.6837	-0.3361	-1.4270	-4.5564	-1.1064
21-08-2023	10:58:27	00056	-0.0039	-0.1341	0.4603	0.3245	0.6936	-0.3362	-1.4256	-4.5540	-1.1082
21-08-2023	10:58:28	00057	-0.0047	-0.1573	0.4594	0.3419	0.6891	-0.3113	-1.3946	-4.5521	-1.1055
21-08-2023	10:58:29	00058	-0.0038	-0.1684	0.4545	0.3416	0.6799	-0.2950	-1.3796	-4.5539	-1.1085
21-08-2023	10:58:30	00059	-0.0045	-0.1748	0.4530	0.3421	0.6752	-0.2885	-1.3749	-4.5566	-1.1061
21-08-2023	10:58:31	00060	-0.0039	-0.1790	0.4524	0.3412	0.6759	-0.2884	-1.3725	-4.5562	-1.1070
